1596828329.82	750	4	0.019	450283	1	-0.0817
1596828329.91	4300	8	0.0	2123065	9	0.75
1596828329.99	4300	12	0.0	2177073	9	4.3
1596828330.06	4300	16.0	0.0	2160877	9	4.3
1596828330.14	4300	20	0.0	2233056	12	4.3
1596828330.21	4300	24	0.0	1941625	8	4.3
1596828330.29	4300	28	0.0	2157535	9	4.3
1596828330.36	4300	32	0.0	2290172	10	4.3
1596828330.44	4300	36	0.0	2055469	10	4.3
1596828330.51	4300	40	0.0	2169201	10	4.3
1596828330.59	4300	44	0.0	2173522	10	4.3
1596828330.67	4300	48	0.0	2102452	11	4.3
1596828330.74	4300	52	0.0	2209463	10	4.3
