1596820757.58	750	4	0.02	450283	1	-0.08599999999999997
1596820757.67	4300	8	0.0	2123065	8	0.75
1596820757.75	4300	12	0.0	2177073	10	4.3
1596820757.82	4300	16.0	0.0	2160877	9	4.3
1596820757.9	4300	20	0.0	2233056	9	4.3
1596820757.97	4300	24	0.0	1941625	10	4.3
1596820758.05	4300	28	0.0	2157535	10	4.3
1596820758.12	4300	32	0.0	2290172	10	4.3
1596820758.19	4300	36	0.0	2055469	10	4.3
1596820758.26	4300	40	0.0	2169201	11	4.3
1596820758.34	4300	44	0.0	2173522	8	4.3
1596820758.41	4300	48	0.0	2102452	11	4.3
1596820758.48	4300	52	0.0	2209463	10	4.3
1596820758.56	4300	56	0.0	2275376	10	4.3
